
========== Array 1 Results ==========
[8, 1, 3, 3, 1, -1, -4, -6, 2, 8]
34
[8, 1, 3, 3, 1, -1, -4, -6, 2, 8, 19]
34
34
34

========== Array 2 Results ==========
[2, 9, 8, 6]
30
[2, 9, 8, 6, 5]
30
30
30

========== Array 3 Results ==========
[23, 24, -1, -7, -8]
50
[23, 24, -1, -7, -8, 19]
50
50
50

========== Array 4 Results ==========
[59, 26, -53, 58]
187
[59, 26, -53, 58, 97]
187
187
187

========== Array 5 Results ==========
[3, 2, 1]
7
[3, 2, 1, 1]
7
7
7

========== Array 6 Results ==========
[12, 99]
210
[12, 99, 99]
210
210
210

========== Array 7 Results ==========
[4, -1, 2]
6
[4, -1, 2, 1]
6
6
6
