
========== Array 1 Results ==========
still testing...
[36, [0, 1, 1, 1, 0, 0, 33]]
[36, [0, 1, 1, 1, 0, 0, 33]]

========== Array 2 Results ==========
still testing...
[37, [1, 1, 1, 1, 0, 0, 33]]
[37, [1, 1, 1, 1, 0, 0, 33]]

========== Array 3 Results ==========
still testing...
[37, [0, 2, 1, 1, 0, 0, 33]]
[37, [0, 2, 1, 1, 0, 0, 33]]

========== Array 4 Results ==========
still testing...
[38, [1, 2, 1, 1, 0, 0, 33]]
[38, [1, 2, 1, 1, 0, 0, 33]]

========== Array 5 Results ==========
still testing...
[34, [0, 0, 0, 0, 1, 0, 33]]
[34, [0, 0, 0, 0, 1, 0, 33]]

========== Array 6 Results ==========
still testing...
[35, [1, 0, 0, 0, 1, 0, 33]]
[35, [1, 0, 0, 0, 1, 0, 33]]

========== Array 7 Results ==========
still testing...
[35, [0, 1, 0, 0, 1, 0, 33]]
[35, [0, 1, 0, 0, 1, 0, 33]]

========== Array 8 Results ==========
still testing...
[36, [1, 1, 0, 0, 1, 0, 33]]
[36, [1, 1, 0, 0, 1, 0, 33]]

========== Array 9 Results ==========
still testing...
[36, [0, 2, 0, 0, 1, 0, 33]]
[36, [0, 2, 0, 0, 1, 0, 33]]

========== Array 10 Results ==========
still testing...
[37, [1, 2, 0, 0, 1, 0, 33]]
[37, [1, 2, 0, 0, 1, 0, 33]]

========== Array 11 Results ==========
still testing...
[35, [0, 0, 1, 0, 1, 0, 33]]
[35, [0, 0, 1, 0, 1, 0, 33]]

========== Array 12 Results ==========
still testing...
[36, [1, 0, 1, 0, 1, 0, 33]]
[36, [1, 0, 1, 0, 1, 0, 33]]

========== Array 13 Results ==========
still testing...
[36, [0, 1, 1, 0, 1, 0, 33]]
[36, [0, 1, 1, 0, 1, 0, 33]]

========== Array 14 Results ==========
still testing...
[37, [1, 1, 1, 0, 1, 0, 33]]
[37, [1, 1, 1, 0, 1, 0, 33]]

========== Array 15 Results ==========
still testing...
[37, [0, 2, 1, 0, 1, 0, 33]]
[37, [0, 2, 1, 0, 1, 0, 33]]

========== Array 16 Results ==========
still testing...
[38, [1, 2, 1, 0, 1, 0, 33]]
[38, [1, 2, 1, 0, 1, 0, 33]]

========== Array 17 Results ==========
still testing...
[35, [0, 0, 0, 1, 1, 0, 33]]
[34, [0, 0, 0, 0, 0, 2, 32]]

========== Array 18 Results ==========
still testing...
[36, [1, 0, 0, 1, 1, 0, 33]]
[35, [1, 0, 0, 0, 0, 2, 32]]

========== Array 19 Results ==========
still testing...
[36, [0, 1, 0, 1, 1, 0, 33]]
[35, [0, 1, 0, 0, 0, 2, 32]]

========== Array 20 Results ==========
still testing...
[37, [1, 1, 0, 1, 1, 0, 33]]
[36, [1, 1, 0, 0, 0, 2, 32]]

========== Array 21 Results ==========
still testing...
[37, [0, 2, 0, 1, 1, 0, 33]]
[36, [0, 2, 0, 0, 0, 2, 32]]

========== Array 22 Results ==========
still testing...
[38, [1, 2, 0, 1, 1, 0, 33]]
[37, [1, 2, 0, 0, 0, 2, 32]]

========== Array 23 Results ==========
still testing...
[36, [0, 0, 1, 1, 1, 0, 33]]
[35, [0, 0, 1, 0, 0, 2, 32]]

========== Array 24 Results ==========
still testing...
[37, [1, 0, 1, 1, 1, 0, 33]]
[36, [1, 0, 1, 0, 0, 2, 32]]

========== Array 25 Results ==========
still testing...
[37, [0, 1, 1, 1, 1, 0, 33]]
[36, [0, 1, 1, 0, 0, 2, 32]]

========== Array 26 Results ==========
still testing...
[38, [1, 1, 1, 1, 1, 0, 33]]
[37, [1, 1, 1, 0, 0, 2, 32]]

========== Array 27 Results ==========
still testing...
[38, [0, 2, 1, 1, 1, 0, 33]]
[37, [0, 2, 1, 0, 0, 2, 32]]

========== Array 28 Results ==========
still testing...
[39, [1, 2, 1, 1, 1, 0, 33]]
[38, [1, 2, 1, 0, 0, 2, 32]]

========== Array 29 Results ==========
still testing...
[34, [0, 0, 0, 0, 0, 1, 33]]
[34, [0, 0, 0, 0, 0, 1, 33]]

========== Array 30 Results ==========
still testing...
[35, [1, 0, 0, 0, 0, 1, 33]]
[35, [1, 0, 0, 0, 0, 1, 33]]

========== Array 31 Results ==========
still testing...
[35, [0, 1, 0, 0, 0, 1, 33]]
[35, [0, 1, 0, 0, 0, 1, 33]]

========== Array 32 Results ==========
still testing...
[36, [1, 1, 0, 0, 0, 1, 33]]
[36, [1, 1, 0, 0, 0, 1, 33]]

========== Array 33 Results ==========
still testing...
[36, [0, 2, 0, 0, 0, 1, 33]]
[36, [0, 2, 0, 0, 0, 1, 33]]

========== Array 34 Results ==========
still testing...
[37, [1, 2, 0, 0, 0, 1, 33]]
[37, [1, 2, 0, 0, 0, 1, 33]]

========== Array 35 Results ==========
still testing...
[35, [0, 0, 1, 0, 0, 1, 33]]
[35, [0, 0, 1, 0, 0, 1, 33]]

========== Array 36 Results ==========
still testing...
[36, [1, 0, 1, 0, 0, 1, 33]]
[36, [1, 0, 1, 0, 0, 1, 33]]

========== Array 37 Results ==========
still testing...
[36, [0, 1, 1, 0, 0, 1, 33]]
[36, [0, 1, 1, 0, 0, 1, 33]]

========== Array 38 Results ==========
still testing...
[37, [1, 1, 1, 0, 0, 1, 33]]
[37, [1, 1, 1, 0, 0, 1, 33]]

========== Array 39 Results ==========
still testing...
[37, [0, 2, 1, 0, 0, 1, 33]]
[37, [0, 2, 1, 0, 0, 1, 33]]

========== Array 40 Results ==========
still testing...
[38, [1, 2, 1, 0, 0, 1, 33]]
[38, [1, 2, 1, 0, 0, 1, 33]]

========== Array 41 Results ==========
still testing...
[34, [0, 0, 0, 0, 0, 0, 34]]
[34, [0, 0, 0, 0, 0, 0, 34]]

========== Array 42 Results ==========
still testing...
[35, [1, 0, 0, 0, 0, 0, 34]]
[35, [1, 0, 0, 0, 0, 0, 34]]

========== Array 43 Results ==========
still testing...
[35, [0, 1, 0, 0, 0, 0, 34]]
[35, [0, 1, 0, 0, 0, 0, 34]]

========== Array 44 Results ==========
still testing...
[36, [1, 1, 0, 0, 0, 0, 34]]
[36, [1, 1, 0, 0, 0, 0, 34]]

========== Array 45 Results ==========
still testing...
[36, [0, 2, 0, 0, 0, 0, 34]]
[36, [0, 2, 0, 0, 0, 0, 34]]

========== Array 46 Results ==========
still testing...
[37, [1, 2, 0, 0, 0, 0, 34]]
[37, [1, 2, 0, 0, 0, 0, 34]]

========== Array 47 Results ==========
still testing...
[35, [0, 0, 1, 0, 0, 0, 34]]
[35, [0, 0, 1, 0, 0, 0, 34]]

========== Array 48 Results ==========
still testing...
[36, [1, 0, 1, 0, 0, 0, 34]]
[36, [1, 0, 1, 0, 0, 0, 34]]

========== Array 49 Results ==========
still testing...
[36, [0, 1, 1, 0, 0, 0, 34]]
[36, [0, 1, 1, 0, 0, 0, 34]]

========== Array 50 Results ==========
still testing...
[37, [1, 1, 1, 0, 0, 0, 34]]
[37, [1, 1, 1, 0, 0, 0, 34]]

========== Array 51 Results ==========
still testing...
[37, [0, 2, 1, 0, 0, 0, 34]]
[37, [0, 2, 1, 0, 0, 0, 34]]

========== Array 52 Results ==========
still testing...
[38, [1, 2, 1, 0, 0, 0, 34]]
[38, [1, 2, 1, 0, 0, 0, 34]]

========== Array 53 Results ==========
still testing...
[35, [0, 0, 0, 1, 0, 0, 34]]
[35, [0, 0, 0, 1, 0, 0, 34]]

========== Array 54 Results ==========
still testing...
[36, [1, 0, 0, 1, 0, 0, 34]]
[36, [1, 0, 0, 1, 0, 0, 34]]

========== Array 55 Results ==========
still testing...
[36, [0, 1, 0, 1, 0, 0, 34]]
[36, [0, 1, 0, 1, 0, 0, 34]]

========== Array 56 Results ==========
still testing...
[37, [1, 1, 0, 1, 0, 0, 34]]
[37, [1, 1, 0, 1, 0, 0, 34]]

========== Array 57 Results ==========
still testing...
[37, [0, 2, 0, 1, 0, 0, 34]]
[37, [0, 2, 0, 1, 0, 0, 34]]

========== Array 58 Results ==========
still testing...
[38, [1, 2, 0, 1, 0, 0, 34]]
[38, [1, 2, 0, 1, 0, 0, 34]]

========== Array 59 Results ==========
still testing...
[36, [0, 0, 1, 1, 0, 0, 34]]
[36, [0, 0, 1, 1, 0, 0, 34]]

========== Array 60 Results ==========
still testing...
[37, [1, 0, 1, 1, 0, 0, 34]]
[37, [1, 0, 1, 1, 0, 0, 34]]

========== Array 61 Results ==========
still testing...
[37, [0, 1, 1, 1, 0, 0, 34]]
[37, [0, 1, 1, 1, 0, 0, 34]]

========== Array 62 Results ==========
still testing...
[38, [1, 1, 1, 1, 0, 0, 34]]
[38, [1, 1, 1, 1, 0, 0, 34]]

========== Array 63 Results ==========
still testing...
[38, [0, 2, 1, 1, 0, 0, 34]]
[38, [0, 2, 1, 1, 0, 0, 34]]

========== Array 64 Results ==========
still testing...
[39, [1, 2, 1, 1, 0, 0, 34]]
[39, [1, 2, 1, 1, 0, 0, 34]]

========== Array 65 Results ==========
still testing...
[35, [0, 0, 0, 0, 1, 0, 34]]
[35, [0, 0, 0, 0, 1, 0, 34]]

========== Array 66 Results ==========
still testing...
[36, [1, 0, 0, 0, 1, 0, 34]]
[36, [1, 0, 0, 0, 1, 0, 34]]

========== Array 67 Results ==========
still testing...
[36, [0, 1, 0, 0, 1, 0, 34]]
[36, [0, 1, 0, 0, 1, 0, 34]]

========== Array 68 Results ==========
still testing...
[37, [1, 1, 0, 0, 1, 0, 34]]
[37, [1, 1, 0, 0, 1, 0, 34]]

========== Array 69 Results ==========
still testing...
[37, [0, 2, 0, 0, 1, 0, 34]]
[37, [0, 2, 0, 0, 1, 0, 34]]

========== Array 70 Results ==========
still testing...
[38, [1, 2, 0, 0, 1, 0, 34]]
[38, [1, 2, 0, 0, 1, 0, 34]]

========== Array 71 Results ==========
still testing...
[36, [0, 0, 1, 0, 1, 0, 34]]
[36, [0, 0, 1, 0, 1, 0, 34]]

========== Array 72 Results ==========
still testing...
[37, [1, 0, 1, 0, 1, 0, 34]]
[37, [1, 0, 1, 0, 1, 0, 34]]

========== Array 73 Results ==========
still testing...
[37, [0, 1, 1, 0, 1, 0, 34]]
[37, [0, 1, 1, 0, 1, 0, 34]]

========== Array 74 Results ==========
still testing...
[38, [1, 1, 1, 0, 1, 0, 34]]
[38, [1, 1, 1, 0, 1, 0, 34]]

========== Array 75 Results ==========
still testing...
[38, [0, 2, 1, 0, 1, 0, 34]]
[38, [0, 2, 1, 0, 1, 0, 34]]

========== Array 76 Results ==========
still testing...
[39, [1, 2, 1, 0, 1, 0, 34]]
[39, [1, 2, 1, 0, 1, 0, 34]]

========== Array 77 Results ==========
still testing...
[36, [0, 0, 0, 1, 1, 0, 34]]
[35, [0, 0, 0, 0, 0, 2, 33]]

========== Array 78 Results ==========
still testing...
[37, [1, 0, 0, 1, 1, 0, 34]]
[36, [1, 0, 0, 0, 0, 2, 33]]

========== Array 79 Results ==========
still testing...
[37, [0, 1, 0, 1, 1, 0, 34]]
[36, [0, 1, 0, 0, 0, 2, 33]]

========== Array 80 Results ==========
still testing...
[38, [1, 1, 0, 1, 1, 0, 34]]
[37, [1, 1, 0, 0, 0, 2, 33]]

========== Array 81 Results ==========
still testing...
[38, [0, 2, 0, 1, 1, 0, 34]]
[37, [0, 2, 0, 0, 0, 2, 33]]

========== Array 82 Results ==========
still testing...
[39, [1, 2, 0, 1, 1, 0, 34]]
[38, [1, 2, 0, 0, 0, 2, 33]]

========== Array 83 Results ==========
still testing...
[37, [0, 0, 1, 1, 1, 0, 34]]
[36, [0, 0, 1, 0, 0, 2, 33]]

========== Array 84 Results ==========
still testing...
[38, [1, 0, 1, 1, 1, 0, 34]]
[37, [1, 0, 1, 0, 0, 2, 33]]

========== Array 85 Results ==========
still testing...
[38, [0, 1, 1, 1, 1, 0, 34]]
[37, [0, 1, 1, 0, 0, 2, 33]]

========== Array 86 Results ==========
still testing...
[39, [1, 1, 1, 1, 1, 0, 34]]
[38, [1, 1, 1, 0, 0, 2, 33]]

========== Array 87 Results ==========
still testing...
[39, [0, 2, 1, 1, 1, 0, 34]]
[38, [0, 2, 1, 0, 0, 2, 33]]

========== Array 88 Results ==========
still testing...
[40, [1, 2, 1, 1, 1, 0, 34]]
[39, [1, 2, 1, 0, 0, 2, 33]]

========== Array 89 Results ==========
still testing...
[35, [0, 0, 0, 0, 0, 1, 34]]
[35, [0, 0, 0, 0, 0, 1, 34]]

========== Array 90 Results ==========
still testing...
[36, [1, 0, 0, 0, 0, 1, 34]]
[36, [1, 0, 0, 0, 0, 1, 34]]

========== Array 91 Results ==========
still testing...
[36, [0, 1, 0, 0, 0, 1, 34]]
[36, [0, 1, 0, 0, 0, 1, 34]]

========== Array 92 Results ==========
still testing...
[37, [1, 1, 0, 0, 0, 1, 34]]
[37, [1, 1, 0, 0, 0, 1, 34]]

========== Array 93 Results ==========
still testing...
[37, [0, 2, 0, 0, 0, 1, 34]]
[37, [0, 2, 0, 0, 0, 1, 34]]

========== Array 94 Results ==========
still testing...
[38, [1, 2, 0, 0, 0, 1, 34]]
[38, [1, 2, 0, 0, 0, 1, 34]]

========== Array 95 Results ==========
still testing...
[36, [0, 0, 1, 0, 0, 1, 34]]
[36, [0, 0, 1, 0, 0, 1, 34]]

========== Array 96 Results ==========
still testing...
[37, [1, 0, 1, 0, 0, 1, 34]]
[37, [1, 0, 1, 0, 0, 1, 34]]

========== Array 97 Results ==========
still testing...
[37, [0, 1, 1, 0, 0, 1, 34]]
[37, [0, 1, 1, 0, 0, 1, 34]]

========== Array 98 Results ==========
still testing...
[38, [1, 1, 1, 0, 0, 1, 34]]
[38, [1, 1, 1, 0, 0, 1, 34]]

========== Array 99 Results ==========
still testing...
[38, [0, 2, 1, 0, 0, 1, 34]]
[38, [0, 2, 1, 0, 0, 1, 34]]

========== Array 100 Results ==========
still testing...
[39, [1, 2, 1, 0, 0, 1, 34]]
[39, [1, 2, 1, 0, 0, 1, 34]]

========== Array 101 Results ==========
still testing...
[35, [0, 0, 0, 0, 0, 0, 35]]
[35, [0, 0, 0, 0, 0, 0, 35]]

========== Array 102 Results ==========
still testing...
[36, [1, 0, 0, 0, 0, 0, 35]]
[36, [1, 0, 0, 0, 0, 0, 35]]

========== Array 103 Results ==========
still testing...
[36, [0, 1, 0, 0, 0, 0, 35]]
[36, [0, 1, 0, 0, 0, 0, 35]]

========== Array 104 Results ==========
still testing...
[37, [1, 1, 0, 0, 0, 0, 35]]
[37, [1, 1, 0, 0, 0, 0, 35]]

========== Array 105 Results ==========
still testing...
[37, [0, 2, 0, 0, 0, 0, 35]]
[37, [0, 2, 0, 0, 0, 0, 35]]

========== Array 106 Results ==========
still testing...
[38, [1, 2, 0, 0, 0, 0, 35]]
[38, [1, 2, 0, 0, 0, 0, 35]]

========== Array 107 Results ==========
still testing...
[36, [0, 0, 1, 0, 0, 0, 35]]
[36, [0, 0, 1, 0, 0, 0, 35]]

========== Array 108 Results ==========
still testing...
[37, [1, 0, 1, 0, 0, 0, 35]]
[37, [1, 0, 1, 0, 0, 0, 35]]

========== Array 109 Results ==========
still testing...
[37, [0, 1, 1, 0, 0, 0, 35]]
[37, [0, 1, 1, 0, 0, 0, 35]]

========== Array 110 Results ==========
still testing...
[38, [1, 1, 1, 0, 0, 0, 35]]
[38, [1, 1, 1, 0, 0, 0, 35]]

========== Array 111 Results ==========
still testing...
[38, [0, 2, 1, 0, 0, 0, 35]]
[38, [0, 2, 1, 0, 0, 0, 35]]

========== Array 112 Results ==========
still testing...
[39, [1, 2, 1, 0, 0, 0, 35]]
[39, [1, 2, 1, 0, 0, 0, 35]]

========== Array 113 Results ==========
still testing...
[36, [0, 0, 0, 1, 0, 0, 35]]
[36, [0, 0, 0, 1, 0, 0, 35]]

========== Array 114 Results ==========
still testing...
[37, [1, 0, 0, 1, 0, 0, 35]]
[37, [1, 0, 0, 1, 0, 0, 35]]

========== Array 115 Results ==========
still testing...
[37, [0, 1, 0, 1, 0, 0, 35]]
[37, [0, 1, 0, 1, 0, 0, 35]]

========== Array 116 Results ==========
still testing...
[38, [1, 1, 0, 1, 0, 0, 35]]
[38, [1, 1, 0, 1, 0, 0, 35]]

========== Array 117 Results ==========
still testing...
[38, [0, 2, 0, 1, 0, 0, 35]]
[38, [0, 2, 0, 1, 0, 0, 35]]

========== Array 118 Results ==========
still testing...
[39, [1, 2, 0, 1, 0, 0, 35]]
[39, [1, 2, 0, 1, 0, 0, 35]]

========== Array 119 Results ==========
still testing...
[37, [0, 0, 1, 1, 0, 0, 35]]
[37, [0, 0, 1, 1, 0, 0, 35]]

========== Array 120 Results ==========
still testing...
[38, [1, 0, 1, 1, 0, 0, 35]]
[38, [1, 0, 1, 1, 0, 0, 35]]

========== Array 121 Results ==========
still testing...
[38, [0, 1, 1, 1, 0, 0, 35]]
[38, [0, 1, 1, 1, 0, 0, 35]]

========== Array 122 Results ==========
still testing...
[39, [1, 1, 1, 1, 0, 0, 35]]
[39, [1, 1, 1, 1, 0, 0, 35]]

========== Array 123 Results ==========
still testing...
[39, [0, 2, 1, 1, 0, 0, 35]]
[39, [0, 2, 1, 1, 0, 0, 35]]

========== Array 124 Results ==========
still testing...
[40, [1, 2, 1, 1, 0, 0, 35]]
[40, [1, 2, 1, 1, 0, 0, 35]]

========== Array 125 Results ==========
still testing...
[36, [0, 0, 0, 0, 1, 0, 35]]
[36, [0, 0, 0, 0, 1, 0, 35]]

========== Array 126 Results ==========
still testing...
[37, [1, 0, 0, 0, 1, 0, 35]]
[37, [1, 0, 0, 0, 1, 0, 35]]

========== Array 127 Results ==========
still testing...
[37, [0, 1, 0, 0, 1, 0, 35]]
[37, [0, 1, 0, 0, 1, 0, 35]]

========== Array 128 Results ==========
still testing...
[38, [1, 1, 0, 0, 1, 0, 35]]
[38, [1, 1, 0, 0, 1, 0, 35]]

========== Array 129 Results ==========
still testing...
[38, [0, 2, 0, 0, 1, 0, 35]]
[38, [0, 2, 0, 0, 1, 0, 35]]

========== Array 130 Results ==========
still testing...
[39, [1, 2, 0, 0, 1, 0, 35]]
[39, [1, 2, 0, 0, 1, 0, 35]]

========== Array 131 Results ==========
still testing...
[37, [0, 0, 1, 0, 1, 0, 35]]
[37, [0, 0, 1, 0, 1, 0, 35]]

========== Array 132 Results ==========
still testing...
[38, [1, 0, 1, 0, 1, 0, 35]]
[38, [1, 0, 1, 0, 1, 0, 35]]

========== Array 133 Results ==========
still testing...
[38, [0, 1, 1, 0, 1, 0, 35]]
[38, [0, 1, 1, 0, 1, 0, 35]]

========== Array 134 Results ==========
still testing...
[39, [1, 1, 1, 0, 1, 0, 35]]
[39, [1, 1, 1, 0, 1, 0, 35]]

========== Array 135 Results ==========
still testing...
[39, [0, 2, 1, 0, 1, 0, 35]]
[39, [0, 2, 1, 0, 1, 0, 35]]

========== Array 136 Results ==========
still testing...
[40, [1, 2, 1, 0, 1, 0, 35]]
[40, [1, 2, 1, 0, 1, 0, 35]]

========== Array 137 Results ==========
still testing...
[37, [0, 0, 0, 1, 1, 0, 35]]
[36, [0, 0, 0, 0, 0, 2, 34]]

========== Array 138 Results ==========
still testing...
[38, [1, 0, 0, 1, 1, 0, 35]]
[37, [1, 0, 0, 0, 0, 2, 34]]

========== Array 139 Results ==========
still testing...
[38, [0, 1, 0, 1, 1, 0, 35]]
[37, [0, 1, 0, 0, 0, 2, 34]]

========== Array 140 Results ==========
still testing...
[39, [1, 1, 0, 1, 1, 0, 35]]
[38, [1, 1, 0, 0, 0, 2, 34]]

========== Array 141 Results ==========
still testing...
[39, [0, 2, 0, 1, 1, 0, 35]]
[38, [0, 2, 0, 0, 0, 2, 34]]

========== Array 142 Results ==========
still testing...
[40, [1, 2, 0, 1, 1, 0, 35]]
[39, [1, 2, 0, 0, 0, 2, 34]]

========== Array 143 Results ==========
still testing...
[38, [0, 0, 1, 1, 1, 0, 35]]
[37, [0, 0, 1, 0, 0, 2, 34]]

========== Array 144 Results ==========
still testing...
[39, [1, 0, 1, 1, 1, 0, 35]]
[38, [1, 0, 1, 0, 0, 2, 34]]

========== Array 145 Results ==========
still testing...
[39, [0, 1, 1, 1, 1, 0, 35]]
[38, [0, 1, 1, 0, 0, 2, 34]]

========== Array 146 Results ==========
still testing...
[40, [1, 1, 1, 1, 1, 0, 35]]
[39, [1, 1, 1, 0, 0, 2, 34]]

========== Array 147 Results ==========
still testing...
[40, [0, 2, 1, 1, 1, 0, 35]]
[39, [0, 2, 1, 0, 0, 2, 34]]

========== Array 148 Results ==========
still testing...
[41, [1, 2, 1, 1, 1, 0, 35]]
[40, [1, 2, 1, 0, 0, 2, 34]]

========== Array 149 Results ==========
still testing...
[36, [0, 0, 0, 0, 0, 1, 35]]
[36, [0, 0, 0, 0, 0, 1, 35]]

========== Array 150 Results ==========
still testing...
[37, [1, 0, 0, 0, 0, 1, 35]]
[37, [1, 0, 0, 0, 0, 1, 35]]

========== Array 151 Results ==========
still testing...
[37, [0, 1, 0, 0, 0, 1, 35]]
[37, [0, 1, 0, 0, 0, 1, 35]]

========== Array 152 Results ==========
still testing...
[38, [1, 1, 0, 0, 0, 1, 35]]
[38, [1, 1, 0, 0, 0, 1, 35]]

========== Array 153 Results ==========
still testing...
[38, [0, 2, 0, 0, 0, 1, 35]]
[38, [0, 2, 0, 0, 0, 1, 35]]

========== Array 154 Results ==========
still testing...
[39, [1, 2, 0, 0, 0, 1, 35]]
[39, [1, 2, 0, 0, 0, 1, 35]]

========== Array 155 Results ==========
still testing...
[37, [0, 0, 1, 0, 0, 1, 35]]
[37, [0, 0, 1, 0, 0, 1, 35]]

========== Array 156 Results ==========
still testing...
[38, [1, 0, 1, 0, 0, 1, 35]]
[38, [1, 0, 1, 0, 0, 1, 35]]

========== Array 157 Results ==========
still testing...
[38, [0, 1, 1, 0, 0, 1, 35]]
[38, [0, 1, 1, 0, 0, 1, 35]]

========== Array 158 Results ==========
still testing...
[39, [1, 1, 1, 0, 0, 1, 35]]
[39, [1, 1, 1, 0, 0, 1, 35]]

========== Array 159 Results ==========
still testing...
[39, [0, 2, 1, 0, 0, 1, 35]]
[39, [0, 2, 1, 0, 0, 1, 35]]

========== Array 160 Results ==========
still testing...
[40, [1, 2, 1, 0, 0, 1, 35]]
[40, [1, 2, 1, 0, 0, 1, 35]]

========== Array 161 Results ==========
still testing...
[36, [0, 0, 0, 0, 0, 0, 36]]
[36, [0, 0, 0, 0, 0, 0, 36]]

========== Array 162 Results ==========
still testing...
[37, [1, 0, 0, 0, 0, 0, 36]]
[37, [1, 0, 0, 0, 0, 0, 36]]

========== Array 163 Results ==========
still testing...
[37, [0, 1, 0, 0, 0, 0, 36]]
[37, [0, 1, 0, 0, 0, 0, 36]]

========== Array 164 Results ==========
still testing...
[38, [1, 1, 0, 0, 0, 0, 36]]
[38, [1, 1, 0, 0, 0, 0, 36]]

========== Array 165 Results ==========
still testing...
[38, [0, 2, 0, 0, 0, 0, 36]]
[38, [0, 2, 0, 0, 0, 0, 36]]

========== Array 166 Results ==========
still testing...
[39, [1, 2, 0, 0, 0, 0, 36]]
[39, [1, 2, 0, 0, 0, 0, 36]]

========== Array 167 Results ==========
still testing...
[37, [0, 0, 1, 0, 0, 0, 36]]
[37, [0, 0, 1, 0, 0, 0, 36]]

========== Array 168 Results ==========
still testing...
[38, [1, 0, 1, 0, 0, 0, 36]]
[38, [1, 0, 1, 0, 0, 0, 36]]

========== Array 169 Results ==========
still testing...
[38, [0, 1, 1, 0, 0, 0, 36]]
[38, [0, 1, 1, 0, 0, 0, 36]]

========== Array 170 Results ==========
still testing...
[39, [1, 1, 1, 0, 0, 0, 36]]
[39, [1, 1, 1, 0, 0, 0, 36]]

========== Array 171 Results ==========
still testing...
[39, [0, 2, 1, 0, 0, 0, 36]]
[39, [0, 2, 1, 0, 0, 0, 36]]

========== Array 172 Results ==========
still testing...
[40, [1, 2, 1, 0, 0, 0, 36]]
[40, [1, 2, 1, 0, 0, 0, 36]]

========== Array 173 Results ==========
still testing...
[37, [0, 0, 0, 1, 0, 0, 36]]
[37, [0, 0, 0, 1, 0, 0, 36]]

========== Array 174 Results ==========
still testing...
[38, [1, 0, 0, 1, 0, 0, 36]]
[38, [1, 0, 0, 1, 0, 0, 36]]

========== Array 175 Results ==========
still testing...
[38, [0, 1, 0, 1, 0, 0, 36]]
[38, [0, 1, 0, 1, 0, 0, 36]]

========== Array 176 Results ==========
still testing...
[39, [1, 1, 0, 1, 0, 0, 36]]
[39, [1, 1, 0, 1, 0, 0, 36]]

========== Array 177 Results ==========
still testing...
[39, [0, 2, 0, 1, 0, 0, 36]]
[39, [0, 2, 0, 1, 0, 0, 36]]

========== Array 178 Results ==========
still testing...
[40, [1, 2, 0, 1, 0, 0, 36]]
[40, [1, 2, 0, 1, 0, 0, 36]]

========== Array 179 Results ==========
still testing...
[38, [0, 0, 1, 1, 0, 0, 36]]
[38, [0, 0, 1, 1, 0, 0, 36]]

========== Array 180 Results ==========
still testing...
[39, [1, 0, 1, 1, 0, 0, 36]]
[39, [1, 0, 1, 1, 0, 0, 36]]

========== Array 181 Results ==========
still testing...
[39, [0, 1, 1, 1, 0, 0, 36]]
[39, [0, 1, 1, 1, 0, 0, 36]]

========== Array 182 Results ==========
still testing...
[40, [1, 1, 1, 1, 0, 0, 36]]
[40, [1, 1, 1, 1, 0, 0, 36]]

========== Array 183 Results ==========
still testing...
[40, [0, 2, 1, 1, 0, 0, 36]]
[40, [0, 2, 1, 1, 0, 0, 36]]

========== Array 184 Results ==========
still testing...
[41, [1, 2, 1, 1, 0, 0, 36]]
[41, [1, 2, 1, 1, 0, 0, 36]]

========== Array 185 Results ==========
still testing...
[37, [0, 0, 0, 0, 1, 0, 36]]
[37, [0, 0, 0, 0, 1, 0, 36]]

========== Array 186 Results ==========
still testing...
[38, [1, 0, 0, 0, 1, 0, 36]]
[38, [1, 0, 0, 0, 1, 0, 36]]

========== Array 187 Results ==========
still testing...
[38, [0, 1, 0, 0, 1, 0, 36]]
[38, [0, 1, 0, 0, 1, 0, 36]]

========== Array 188 Results ==========
still testing...
[39, [1, 1, 0, 0, 1, 0, 36]]
[39, [1, 1, 0, 0, 1, 0, 36]]

========== Array 189 Results ==========
still testing...
[39, [0, 2, 0, 0, 1, 0, 36]]
[39, [0, 2, 0, 0, 1, 0, 36]]

========== Array 190 Results ==========
still testing...
[40, [1, 2, 0, 0, 1, 0, 36]]
[40, [1, 2, 0, 0, 1, 0, 36]]

========== Array 191 Results ==========
still testing...
[38, [0, 0, 1, 0, 1, 0, 36]]
[38, [0, 0, 1, 0, 1, 0, 36]]

========== Array 192 Results ==========
still testing...
[39, [1, 0, 1, 0, 1, 0, 36]]
[39, [1, 0, 1, 0, 1, 0, 36]]

========== Array 193 Results ==========
still testing...
[39, [0, 1, 1, 0, 1, 0, 36]]
[39, [0, 1, 1, 0, 1, 0, 36]]

========== Array 194 Results ==========
still testing...
[40, [1, 1, 1, 0, 1, 0, 36]]
[40, [1, 1, 1, 0, 1, 0, 36]]

========== Array 195 Results ==========
still testing...
[40, [0, 2, 1, 0, 1, 0, 36]]
[40, [0, 2, 1, 0, 1, 0, 36]]

========== Array 196 Results ==========
still testing...
[41, [1, 2, 1, 0, 1, 0, 36]]
[41, [1, 2, 1, 0, 1, 0, 36]]

========== Array 197 Results ==========
still testing...
[38, [0, 0, 0, 1, 1, 0, 36]]
[37, [0, 0, 0, 0, 0, 2, 35]]

========== Array 198 Results ==========
still testing...
[39, [1, 0, 0, 1, 1, 0, 36]]
[38, [1, 0, 0, 0, 0, 2, 35]]

========== Array 199 Results ==========
still testing...
[39, [0, 1, 0, 1, 1, 0, 36]]
[38, [0, 1, 0, 0, 0, 2, 35]]

========== Array 200 Results ==========
still testing...
[40, [1, 1, 0, 1, 1, 0, 36]]
[39, [1, 1, 0, 0, 0, 2, 35]]

========== Array 201 Results ==========
still testing...
[40, [0, 2, 0, 1, 1, 0, 36]]
[39, [0, 2, 0, 0, 0, 2, 35]]
